Grad,F,P,R
Ada,20.788,618.0,773.0
Aleksandrovac,17.699,566.0,4.441
Aleksinac,49.314,855.0,1.999
Alibunar,23.223,470.0,877.0
Apatin,31.852,625.0,537.0
Aranđelovac,33.063,1.9220000000000002,3.983
Arilje,15.909,714.0,934.0
Babušnica,13.37,169.0,450.0
Bajina Bašta,21.391,557.0,2.198
Batočina,8.351,192.0,700.0
Bač,12.823,396.0,533.0
Bačka Palanka,46.733,1.767,1.179
Bačka Topola,42.063,1.443,659.0
Bački Petrovac,14.195,940.0,330.0
Bela Crkva,20.743,373.0,512.0
Bela Palanka,17.644,236.0,349.0
Beograd-Barajevo,28.576,826.0,882.0
Beograd-grad,1.0,2.0,
Beograd-Grocka,48.383,2.069,1.935
Beograd-Lazarevac,35.204,1.666,1.121
Beograd-Mladenovac,31.234,1.329,1.082
Beograd-Novi Beograd,163.517,18.304,6.614
Beograd-Obrenovac,48.88,1.8900000000000001,1.845
Beograd-Palilula,112.719,9.385,6.312
Beograd-Rakovica,70.945,3.395,2.798
Beograd-Savski Venac,43.17,8.256,2.496
Beograd-Sopot,30.246,776.0,2.017
Beograd-Stari Grad,58.222,17.384,3.808
Beograd-Surčin,21.916,1.577,912.0
Beograd-Voždovac,121.754,9.018,4.715
Beograd-Vračar,63.36,10.485,3.876
Beograd-Zemun,96.953,8.772,4.32
Beograd-Zvezdara,106.747,9.139,5.5120000000000005
Beograd-Čukarica,112.474,7.101,4.944
Beočin,23.32,476.0,509.0
Bečej,41.058,948.0,1.334
Blace,13.552,262.0,2.505
Bogatić,25.552,487.0,495.0
Bojnik,12.685,154.0,343.0
Boljevac,13.05,262.0,465.0
Bor,36.172,1.169,978.0
Bosilegrad,9.66,129.0,335.0
Brus,12.487,354.0,849.0
Bujanovac,15.78,633.0,665.0
Crna Trava,6.911,88.0,775.0
Despotovac,19.225,612.0,1.458
Dimitrovgrad,12.192,574.0,449.0
Doljevac,13.102,195.0,242.0
Gadžin Han,12.555,272.0,1.468
Golubac,7.66,159.0,385.0
Gornji Milanovac,29.87,1.002,1.029
Inđija,59.209,2.9859999999999998,1.7650000000000001
Irig,20.152,385.0,461.0
Ivanjica,23.063,1.063,1.847
Jagodina,50.954,1.987,5.757
Kanjiža,23.185,392.0,441.0
Kikinda,58.494,1.4849999999999999,1.436
Kladovo,18.151,335.0,362.0
Knić,19.707,310.0,1.6360000000000001
Knjaževac,27.147,689.0,2.092
Koceljeva,16.31,258.0,2.027
Kosjerić,9.167,264.0,602.0
Kostolac,55.557,3.142,2.341
Kovačica,24.339,700.0,618.0
Kovin,37.24,1.056,1.662
Kragujevac - grad,85.611,3.148,10.197
Kraljevo,86.137,3.053,10.2
Krupanj,15.798,306.0,524.0
Kruševac,82.038,3.746,3.48
Kula,37.828,2.225,2.318
Kuršumlija,23.765,330.0,686.0
Kučevo,16.373,513.0,452.0
Lajkovac,14.129,281.0,558.0
Lapovo,5.131,175.0,461.0
Lebane,15.116,276.0,941.0
Leskovac,91.599,3.832,3.747
Ljig,11.233,213.0,550.0
Ljubovija,9.205,281.0,1.1320000000000001
Loznica,52.735,3.383,3.112
Lučani,18.803,647.0,683.0
Majdanpek,3.319,160.0,52.0
Mali Iđoš,9.418,413.0,452.0
Mali Zvornik,9.175,401.0,305.0
Malo Crniće,10.724,180.0,1.38
Medveđa,7.24,124.0,116.0
Merošina,13.001,298.0,937.0
Mionica,17.305,407.0,1.319
Negotin,31.8,831.0,1.113
Niš,155.548,10.207,18.727
Niš-Niška Banja,14.205,448.0,1.105
Nova Crnja,13.111,183.0,321.0
Nova Varoš,15.765,309.0,619.0
Novi Bečej,23.672,362.0,785.0
Novi Kneževac,14.054,410.0,353.0
Novi Pazar,44.496,2.852,2.58
Novi Sad - grad,198.411,15.459,22.788
Novi Sad-Petrovaradin,43.055,1.7109999999999999,3.0
Odžaci,30.987,1.631,881.0
Opovo,11.195,596.0,675.0
Osečina,12.9,303.0,24.0
Pančevo,95.968,8.224,5.26
Paraćin,41.813,2.093,2.2720000000000002
Petrovac na Mlavi,30.419,592.0,1.8130000000000002
Pećinci,23.821,756.0,1.3
Pirot,37.002,1.19,1.928
Plandište,15.05,317.0,242.0
Požarevac,60.122,3.251,1.65
Požega,26.253,717.0,1.014
Preševo,11.806000000000001,448.0,381.0
Priboj,15.506,409.0,1.289
Prijepolje,19.015,1.068,3.328
Prokuplje,30.397,1.291,1.491
Rača,10.054,135.0,393.0
Raška,18.787,3.213,2.7800000000000002
Ražanj,8.666,168.0,450.0
Rekovac,11.462,177.0,148.0
Ruma,56.754,1.5,1.221
Senta,27.75,1.416,447.0
Sečanj,18.813,261.0,436.0
Sjenica,17.723,287.0,723.0
Smederevo,48.127,2.163,1.033
Smederevska Palanka,34.232,1.099,3.222
Sokobanja,14.793,664.0,2.22
Sombor,74.484,2.209,2.395
Srbobran,19.083,288.0,487.0
Sremska Mitrovica,69.933,3.37,1.786
Sremski Karlovci,12.328,191.0,814.0
Stara Pazova,60.678,2.377,2.725
Subotica,129.694,11.539,4.276
Surdulica,19.833,863.0,1.957
Svilajnac,27.021,1.178,1.992
Svrljig,14.373,324.0,524.0
Temerin,21.724,1.323,931.0
Titel,16.718,317.0,343.0
Topola,22.067,548.0,785.0
Trgovište,3.887,119.0,1.34
Trstenik,34.539,1.83,1.371
Tutin,16.107,812.0,1.096
Ub,19.637,642.0,1.721
Užice,53.916,2.643,2.034
Valjevo,68.405,5.003,4.448
Varvarin,14.33,385.0,463.0
Velika Plana,33.17,726.0,1.272
Veliko Gradište,18.383,761.0,602.0
Vladimirci,16.033,249.0,1.126
Vladičin Han,13.127,389.0,2.629
Vlasotince,17.722,218.0,279.0
Vranje,36.574,2.688,2.794
Vrbas,37.609,1.219,554.0
Vrnjačka Banja,23.244,1.2650000000000001,988.0
Vršac,46.311,2.871,1.79
Zaječar,45.637,2.332,7.627
Zrenjanin,105.769,5.809,10.094
Ćićevac,11.057,318.0,248.0
Ćuprija,25.675,922.0,2.519
Čajetina,21.198,1.434,1.6800000000000002
Čačak,83.749,3.63,9.846
Čoka,15.746,593.0,396.0
Šabac,90.193,4.364,1.928
Šid,37.027,1.412,905.0
Žabalj,26.75,773.0,587.0
Žabari,9.649000000000001,165.0,229.0
Žagubica,3.918,48.0,151.0
Žitište,23.106,272.0,480.0
Žitorađa,11.162,259.0,816.0
